NUM 1000
-0.04062363400589675
-0.0008293280261568725
NUM 2000
-0.28227388398954645
-0.0019530730205588043
NUM 3000
-0.9613454329664819
-0.003886980004608631
NUM 4000
-2.505613959976472
-0.007222230022307485
NUM 5000
-5.665600134991109
-0.017139622999820858
NUM 6000
-9.736380813003052
-0.01934072602307424
NUM 7000
-18.143182210973464
-0.024178279971238226
NUM 8000
-24.029326395015232
-0.05463348497869447
NUM 9000
-33.763530161988456
-0.036137446004431695
NUM 10000
-49.67726487101754
-0.04956603003665805
